Event0 ##########(x,y,z,E,t,pdgID) ####################################
DRICHHits-----------------------------------------------------------------
1326.7  -20.7 2042.1    0.0  17.98    -22
1349.9  -15.3 2022.4    0.0  18.13    -22
1335.3  -95.0 2041.8    0.0  18.00    -22
1386.6  -88.1 2058.5    0.0  18.14    -22
1325.2  -21.8 2040.9    0.0  17.98    -22
1323.0  -28.0 2038.9    0.0  17.97    -22
1385.5  -58.8 2080.3    0.0  18.07    -22
1326.8  -85.7 2036.8    0.0  17.99    -22
1383.5  -70.9 2078.0    0.0  18.06    -22
1383.7  -63.3 2078.8    0.0  18.06    -22
1389.6  -87.5 2054.7    0.0  18.16    -22
 688.6 -1194.5 2078.4    0.0  18.07    -22
1344.9  -10.0 2055.5    0.0  18.00    -22
 679.5 -1188.1 2055.9    0.0  18.11    -22
 683.1 -1189.0 2073.6    0.0  18.06    -22
1375.9  -21.1 2076.3    0.0  18.04    -22
 720.1 -1216.5 2068.8    0.0  18.22    -22
1379.0  -31.2 2078.2    0.0  18.04    -22
 685.2 -1189.5 2074.5    0.0  18.05    -22
1383.4  -70.4 2078.0    0.0  18.05    -22
1382.9  -68.4 2077.8    0.0  18.05    -22
 677.4 -1173.6 2062.8    0.0  18.04    -22
 687.6 -1183.5 2072.0    0.0  18.05    -22
1510.2  192.1 2125.0    0.0  18.31    -22
 754.2 1335.8 2157.8    0.0  18.43    -22
 563.9 -1400.0 2113.1    0.0  18.35    -22
1581.5 -135.0 2157.4    0.0  18.36    -22
-1272.8 -1586.4 2144.8    0.0  20.16    -22
1504.1  207.7 2107.7    0.0  18.36    -22
1582.2 -126.5 2165.7    0.0  18.33    -22
1564.1   89.8 2164.3    0.0  18.31    -22
 562.4 -1404.7 2099.9    0.0  18.41    -22
 761.3 1564.3 2201.1    0.0  19.01    -22
-1344.1   26.4 2054.5    0.0  18.00    -22
-1375.0  -55.7 2073.9    0.0  18.06    -22
-1382.0  -55.5 2078.4    0.0  18.07    -22
-1334.1  -41.9 2046.5    0.0  17.99    -22
-1409.0  -14.0 2090.5    0.0  18.13    -22
-1352.9   33.0 2060.5    0.0  18.01    -22
-1366.4  -55.7 2057.4    0.0  18.08    -22
-1397.5  -44.8 2089.0    0.0  18.09    -22
-1331.9   12.3 2046.1    0.0  17.98    -22
-1366.5  -55.8 2068.5    0.0  18.04    -22
-1355.8  -36.1 2025.8    0.0  18.14    -22
-1363.8   38.6 2068.1    0.0  18.03    -22
-1387.5   36.7 2066.4    0.0  18.13    -22
-1392.4   19.4 2086.9    0.0  18.07    -22
-1386.3  -50.8 2081.5    0.0  18.07    -22
-1343.7   29.7 2053.9    0.0  18.00    -22
-1383.1   29.2 2080.8    0.0  18.06    -22
-1396.1    9.4 2089.4    0.0  18.07    -22
-1381.5  -52.9 2078.3    0.0  18.06    -22
-1353.3   37.0 2060.5    0.0  18.02    -22
-1349.7  -52.3 2057.0    0.0  18.02    -22
-1393.0   19.7 2087.3    0.0  18.07    -22
-1390.4   22.5 2085.6    0.0  18.07    -22
-1369.1  -56.3 2070.1    0.0  18.04    -22
-1362.6  -55.4 2063.2    0.0  18.04    -22
-1397.7   -0.4 2090.6    0.0  18.07    -22
-1378.3  -50.9 2076.3    0.0  18.05    -22
-1392.1   20.3 2086.7    0.0  18.06    -22
-1391.8   19.9 2086.5    0.0  18.06    -22
-1347.3  -47.6 2055.7    0.0  18.02    -22
-1379.1  -48.7 2077.0    0.0  18.05    -22
-1350.6  -48.6 2058.0    0.0  18.02    -22
-1364.0   42.8 2067.9    0.0  18.03    -22
-1364.4  -53.8 2067.2    0.0  18.04    -22
-1387.7  -31.1 2083.6    0.0  18.05    -22
-1380.4   30.4 2079.1    0.0  18.04    -22
-1387.9  -29.6 2083.8    0.0  18.05    -22
-719.6 -1405.7 2157.8    0.0  18.52    -22
-719.8 -1402.7 2144.3    0.0  18.57    -22
-630.1 1386.9 2137.0    0.0  18.39    -22
-629.8 -1397.7 2140.0    0.0  18.44    -22
-624.1 -1384.4 2134.4    0.0  18.41    -22
-1573.4 -147.1 2159.0    0.0  18.36    -22
-678.3 1372.9 2149.6    0.0  18.37    -22
-868.6 1348.6 2144.7    0.0  18.59    -22
 793.1 1283.3 2146.2    0.0  11.81    -22
-629.6 -1389.9 2127.8    0.0  18.45    -22
-733.5 -1385.3 2167.9    0.0  18.44    -22
-578.6 1288.1 2066.1    0.0  18.25    -22
-1636.8  215.8 2143.5    0.0  18.24    -22
-1605.1  297.3 2127.5    0.0  18.21    -22
-591.5 1299.8 2091.7    0.0  18.19    -22
-1583.3  336.6 2095.9    0.0  18.28    -22
-1591.7  339.0 2100.8    0.0  18.28    -22
-1585.7  327.2 2109.0    0.0  18.23    -22
-822.0 1414.1 2190.8    0.0  18.31    -22
-1613.6   40.2 2183.8    0.0  18.03    -22
-1586.2  336.0 2094.7    0.0  18.29    -22
-724.8 1403.0 2170.5    0.0  18.28    -22
-950.6 1371.8 2186.1    0.0  18.31    -22
-636.2 1370.2 2134.7    0.0  18.26    -22
-1924.6 -113.2 2194.3    0.0  18.07    -22
-1668.3 -271.7 2153.7    0.0  17.92    -22
-2069.8 -144.3 2169.7    0.0  18.29    -22
-2050.2 -156.1 2179.6    0.0  18.22    -22
-1921.7 -110.7 2179.2    0.0  18.15    -22
-1927.5 -108.6 2207.6    0.0  18.01    -22
-2002.0 -131.5 2178.8    0.0  18.20    -22
-1756.2 -544.5 2015.5    0.0  18.53    -22
-1667.5 -262.3 2156.9    0.0  17.91    -22
-1715.4 -182.4 2187.5    0.0  17.86    -22
-1102.8 -1513.1 2191.6    0.0  18.53    -22
-1914.0 -105.0 2200.5    0.0  18.04    -22
-1676.3 -311.2 2141.3    0.0  17.97    -22
-1922.5  -96.8 2209.3    0.0  18.00    -22
-1687.4 -230.1 2170.6    0.0  17.89    -22
-1814.6 -111.8 2209.7    0.0  17.89    -22
 848.9 -1659.7 2209.3    0.0  18.74    -22
1028.5 -1270.7 2145.4    0.0  18.43    -22
 870.7 -1349.9 2161.2    0.0  18.38    -22
 814.3 -1392.1 2184.5    0.0  18.31    -22
 886.6 -1322.4 2170.4    0.0  18.29    -22
1193.0 -1297.7 2117.0    0.0  18.76    -22
1308.9 -1427.9 2108.3    0.0  19.13    -22
1044.5 -1266.6 2141.0    0.0  18.45    -22
1121.3 -1693.6 2190.3    0.0  19.05    -22
1268.0 -1356.7 2102.4    0.0  19.00    -22
 901.5 -1313.9 2168.3    0.0  18.30    -22
1232.0 -1316.8 2104.1    0.0  18.89    -22
-1395.3  -40.2 2087.9    0.0  18.04    -22
-1321.8   39.5 2037.3    0.0  17.95    -22
-1361.8   50.9 2065.7    0.0  18.00    -22
-1393.0  -46.3 2086.0    0.0  18.03    -22
-1395.9   26.3 2089.1    0.0  18.04    -22
-1410.5  -25.3 2087.5    0.0  18.09    -22
-1327.1   39.2 2041.2    0.0  17.96    -22
-1390.8  -69.4 2047.3    0.0  18.15    -22
-1369.7  -72.1 2050.9    0.0  18.06    -22
-1339.3   47.5 2049.7    0.0  17.97    -22
-1389.3  -55.3 2083.1    0.0  18.03    -22
-1408.6    0.6 2091.5    0.0  18.08    -22
-1322.2   31.1 2030.3    0.0  17.97    -22
-1323.5  -47.7 2027.6    0.0  17.97    -22
-1395.3   23.9 2088.7    0.0  18.04    -22
-1346.6  -71.2 2053.0    0.0  17.97    -22
-1412.9  -45.3 2082.5    0.0  18.11    -22
-1340.9   43.7 2051.1    0.0  17.97    -22
-1423.5  -40.0 2076.1    0.0  18.17    -22
-1362.5   47.0 2064.1    0.0  18.01    -22
-1331.2  -35.6 2018.1    0.0  18.04    -22
-1399.0   22.6 2091.1    0.0  18.04    -22
-1401.5   37.3 2073.3    0.0  18.11    -22
-1377.0  -74.0 2073.8    0.0  18.01    -22
-1347.0   41.0 2055.7    0.0  17.98    -22
-1410.5  -44.3 2086.9    0.0  18.08    -22
-1366.6   43.7 2057.9    0.0  18.04    -22
-1377.7  -74.6 2074.2    0.0  18.01    -22
-1362.0  -76.8 2063.7    0.0  17.99    -22
-1326.7  -58.4 2039.6    0.0  17.95    -22
-1354.6   41.9 2061.2    0.0  17.99    -22
-1333.5   28.7 2046.6    0.0  17.96    -22
-1326.1  -54.7 2039.5    0.0  17.95    -22
-1334.5   29.0 2047.3    0.0  17.96    -22
-1325.6  -38.4 2025.4    0.0  18.00    -22
-1326.3   20.6 2041.8    0.0  17.95    -22
-1320.3    3.4 2033.6    0.0  17.96    -22
-1408.3    3.7 2097.1    0.0  18.04    -22
-1408.9  -35.7 2096.7    0.0  18.04    -22
-1387.0  -73.7 2079.8    0.0  18.02    -22
-1363.4  -83.7 2063.7    0.0  17.99    -22
-1318.5  -11.5 2035.8    0.0  17.94    -22
-1385.2   30.8 2082.1    0.0  18.02    -22
-1411.8  -13.1 2098.8    0.0  18.04    -22
-1329.1   12.8 2044.0    0.0  17.96    -22
-1437.9  -39.9 2074.3    0.0  18.22    -22
-1342.0   22.1 2053.2    0.0  17.97    -22
-1387.1   25.9 2083.5    0.0  18.02    -22
-1338.5  -35.8 2022.6    0.0  18.06    -22
-1349.5   25.2 2058.6    0.0  17.98    -22
-1413.5  -43.8 2098.9    0.0  18.04    -22
-1413.3  -47.2 2098.5    0.0  18.04    -22
-1365.1  -91.3 2063.8    0.0  18.00    -22
-1327.3  -10.7 2042.4    0.0  17.96    -22
-1369.1   29.2 2071.9    0.0  18.00    -22
-1413.7  -44.7 2098.9    0.0  18.04    -22
-1367.0  -93.4 2064.7    0.0  18.00    -22
-1407.7  -71.8 2089.4    0.0  18.05    -22
-1390.7   22.1 2085.8    0.0  18.02    -22
-1363.8  -92.0 2057.5    0.0  18.02    -22
-1410.4  -68.4 2095.0    0.0  18.04    -22
-1411.7  -10.8 2098.7    0.0  18.03    -22
-1341.9   12.4 2053.4    0.0  17.97    -22
-1332.1  -58.1 2043.6    0.0  17.97    -22
-1399.7  -82.0 2087.4    0.0  18.03    -22
-1386.1   22.7 2082.9    0.0  18.01    -22
-1364.2   22.7 2062.6    0.0  18.01    -22
-1408.1  -83.0 2092.4    0.0  18.06    -22
-1388.0  -94.9 2078.1    0.0  18.03    -22
-1328.7   -6.8 2043.5    0.0  17.94    -22
-1328.7  -67.0 2040.3    0.0  17.94    -22
-1443.5  -41.5 2093.0    0.0  18.20    -22
-1365.9   23.9 2060.0    0.0  18.02    -22
-1333.9  -72.8 2043.5    0.0  17.95    -22
-1365.8   22.7 2060.0    0.0  18.02    -22
-1322.9  -20.6 2039.0    0.0  17.93    -22
-1423.4  -44.3 2104.4    0.0  18.08    -22
-1329.2  -63.2 2041.0    0.0  17.94    -22
-1331.8  -70.2 2042.3    0.0  17.95    -22
-1400.2   15.1 2092.0    0.0  18.04    -22
-1409.2    6.7 2097.7    0.0  18.05    -22
-1323.8  -30.8 2039.6    0.0  17.93    -22
-1329.5  -61.2 2041.4    0.0  17.95    -22
-1377.1   25.0 2077.1    0.0  18.01    -22
-1323.4  -29.4 2039.3    0.0  17.93    -22
-1340.1  -80.3 2047.4    0.0  17.96    -22
-1375.6  -95.9 2069.9    0.0  18.01    -22
-1422.3  -20.7 2104.5    0.0  18.07    -22
-1351.7   20.7 2060.4    0.0  17.97    -22
-1410.9  -86.2 2082.6    0.0  18.09    -22
-1333.0   -0.7 2046.7    0.0  17.95    -22
-1327.7  -54.8 2040.6    0.0  17.95    -22
-1335.2    1.4 2048.3    0.0  17.95    -22
-1370.3  -94.8 2066.7    0.0  18.00    -22
-1373.9  -97.9 2068.6    0.0  18.01    -22
-1332.4  -65.2 2043.2    0.0  17.96    -22
-1366.0  -93.9 2064.0    0.0  18.00    -22
-1382.6  -94.9 2074.7    0.0  18.02    -22
-1335.0    0.3 2048.2    0.0  17.96    -22
-1385.9  -93.2 2077.0    0.0  18.02    -22
-1367.1   25.5 2070.6    0.0  17.99    -22
-1362.8  -96.0 2061.7    0.0  18.00    -22
-1406.5    3.1 2096.1    0.0  18.04    -22
-1334.1   -3.0 2047.5    0.0  17.96    -22
-1419.3  -34.6 2102.6    0.0  18.05    -22
-1327.7  -20.0 2042.5    0.0  17.95    -22
-1329.3  -16.4 2043.8    0.0  17.95    -22
-1368.5   23.3 2055.8    0.0  18.05    -22
-1369.1   19.7 2046.2    0.0  18.09    -22
-1329.5   -8.9 2044.0    0.0  17.96    -22
-1366.9   24.1 2058.3    0.0  18.04    -22
-1394.9   16.1 2088.6    0.0  18.02    -22
-1413.6  -58.0 2097.7    0.0  18.04    -22
-1363.3  -94.2 2058.0    0.0  18.01    -22
-1327.7  -41.2 2041.8    0.0  17.96    -22
-1411.5    6.0 2086.3    0.0  18.08    -22
-1338.5    5.5 2050.8    0.0  17.97    -22
-1355.0   20.7 2061.3    0.0  17.99    -22
-1399.6   13.7 2091.6    0.0  18.02    -22
-1381.8  -94.9 2074.1    0.0  18.02    -22
-1326.9  -38.5 2041.5    0.0  17.96    -22
-1415.7  -43.4 2100.1    0.0  18.04    -22
-1379.5  -94.6 2072.7    0.0  18.01    -22
-1407.1    2.6 2096.4    0.0  18.03    -22
-1238.3 -1563.1 2158.6    0.0  20.44    -22
-1132.0 -1545.6 2190.8    0.0  20.01    -22
-1071.6 -1449.4 2191.6    0.0  19.51    -22
-931.5 -1434.2 2201.3    0.0  19.07    -22
-845.1 -1551.4 2212.4    0.0  19.27    -22
-840.1 -1544.2 2211.7    0.0  19.23    -22
-910.0 -1433.2 2201.1    0.0  19.01    -22
-827.5 -1443.6 2197.6    0.0  18.87    -22
-859.2 -1491.7 2208.0    0.0  19.09    -22
 928.0 -1100.4 2058.0    0.0  18.38    -22
 935.8 -1087.0 2040.3    0.0  18.42    -22
1694.7    9.1 2203.8    0.0  19.03    -22
 935.0 -1251.6 2138.2    0.0  18.52    -22
 995.2 -1162.7 2095.0    0.0  18.56    -22
 934.2 -1252.2 2138.1    0.0  18.52    -22
 963.0 -1317.4 2168.6    0.0  18.64    -22
 909.4 -1344.1 2178.1    0.0  18.58    -22
 813.1 -1355.7 2144.5    0.0  18.55    -22
 782.9 -1347.3 2167.1    0.0  18.39    -22
-650.9 -1454.9 2159.9    0.0  18.41    -22
-578.4 -1550.7 2143.6    0.0  18.61    -22
-694.4 -1520.4 2182.7    0.0  18.56    -22
-826.7 -1420.1 2162.5    0.0  18.59    -22
-720.2 -1472.3 2183.1    0.0  18.47    -22
-604.9 -1617.8 2156.6    0.0  18.77    -22
-757.4 -1192.7 2083.9    0.0  18.15    -22
-589.9 -1522.1 2131.5    0.0  18.61    -22
-1453.4  240.6 2083.4    0.0  18.40    -22
-1438.7  129.2 2103.1    0.0  18.24    -22
-1550.1   48.2 2161.6    0.0  18.40    -22
-1509.7  157.6 2132.6    0.0  18.39    -22
-1527.8   20.6 2155.3    0.0  18.33    -22
-1590.8  -30.2 2177.8    0.0  18.45    -22
-1558.5 -121.6 2158.3    0.0  18.40    -22
-868.0 -1278.9 2118.5    0.0  18.45    -22
-876.0 -1290.4 2139.1    0.0  18.41    -22
-854.5 -1242.6 2128.6    0.0  18.28    -22
-856.8 -1264.1 2146.3    0.0  18.28    -22
-779.2 -1360.0 2170.2    0.0  18.34    -22
-801.6 -1276.5 2145.0    0.0  18.23    -22
-553.7 -1286.7 2068.0    0.0  18.16    -22
 829.5 -1331.8 2168.8    0.0  18.59    -22
 826.8 -1277.0 2148.3    0.0  18.48    -22
-559.3 -1295.6 2075.0    0.0  18.17    -22
-535.9 -1354.7 2085.1    0.0  18.29    -22
-504.2 -1326.0 2057.3    0.0  18.24    -22
-647.7 -1400.2 2147.1    0.0  18.39    -22
-787.7 -1263.4 2137.1    0.0  18.23    -22
-855.3 -1296.3 2157.4    0.0  18.37    -22
-857.3 -1305.0 2162.5    0.0  18.39    -22
1102.9 -1683.7 2195.4    0.0  19.90    -22
1107.3 -1584.9 2193.2    0.0  19.67    -22
-670.5 -1923.2 2115.1    0.0  19.94    -22
-593.5 -1838.9 2115.9    0.0  19.62    -22
-624.1 -1284.8 2099.4    0.0  18.18    -22
-576.1 -1272.9 2073.0    0.0  18.15    -22
-687.4 -1216.6 2090.5    0.0  18.09    -22
-645.0 -1221.7 2077.6    0.0  18.08    -22
-695.1 -1237.7 2071.8    0.0  18.24    -22
-1766.2  170.6 2196.5    0.0  18.98    -22
1118.4 -1340.6 2146.9    0.0  19.30    -22
1032.2 -1317.2 2162.6    0.0  18.99    -22
 787.1 -1577.3 2206.4    0.0  19.09    -22
 897.2 -1537.4 2214.9    0.0  19.16    -22
 780.4 -1516.4 2200.8    0.0  18.91    -22
 871.7 -1489.6 2208.5    0.0  18.99    -22
-628.0 -1576.9 2164.8    0.0  18.81    -22
1897.0  -98.1 2210.8    0.0  19.56    -22
1189.4 -1346.1 2135.8    0.0  19.22    -22
1874.8 -183.8 2197.8    0.0  19.52    -22
1218.4 -1369.3 2133.0    0.0  19.34    -22
1319.9 -1375.0 2088.5    0.0  19.70    -22
 970.1 -1579.5 2216.3    0.0  19.10    -22
1023.4 -1619.0 2200.9    0.0  19.34    -22
1075.6 -1582.7 2204.6    0.0  19.32    -22
-860.0 -1161.0 2094.4    0.0  18.21    -22
-759.1 -1135.1 2062.7    0.0  18.02    -22
-882.6 -1132.7 2078.3    0.0  18.21    -22
-793.1 -1173.6 2092.9    0.0  18.12    -22
-874.7 -1156.1 2092.7    0.0  18.23    -22
-779.0 -1171.7 2063.0    0.0  18.18    -22
-833.0 -1076.1 2034.1    0.0  18.08    -22
-845.9 -1077.0 2036.4    0.0  18.10    -22
-889.0 -1112.7 2061.2    0.0  18.22    -22
-777.2 -1093.6 2037.5    0.0  18.01    -22
-860.9 -1169.7 2099.7    0.0  18.22    -22
-764.1 -1120.6 2053.7    0.0  18.02    -22
-890.8 -1114.2 2056.9    0.0  18.24    -22
-773.0 -1112.5 2050.1    0.0  18.02    -22
-826.3 -1084.2 2039.5    0.0  18.07    -22
-890.6 -1123.1 2072.7    0.0  18.22    -22
-796.4 -1187.5 2101.1    0.0  18.14    -22
-800.2 -1195.4 2106.1    0.0  18.15    -22
-875.8 -1191.8 2107.2    0.0  18.29    -22
-876.7 -1123.1 2060.2    0.0  18.23    -22
-817.7 -1110.1 2056.6    0.0  18.08    -22
-835.2 -1107.4 2057.0    0.0  18.11    -22
-885.7 -1212.4 2100.3    0.0  18.39    -22
-856.0 -1108.7 2060.5    0.0  18.14    -22
-851.0 -1206.9 2118.7    0.0  18.25    -22
-785.3 -1131.5 2065.3    0.0  18.06    -22
-814.2 -1116.8 2060.7    0.0  18.08    -22
-823.4 -1116.6 2061.8    0.0  18.10    -22
-870.7 -1125.3 2063.9    0.0  18.21    -22
-886.5 -1208.8 2110.2    0.0  18.35    -22
-769.4 -1171.1 2087.1    0.0  18.08    -22
-795.6 -1218.2 2117.0    0.0  18.18    -22
-811.4 -1222.8 2122.0    0.0  18.21    -22
-894.9 -1162.0 2094.1    0.0  18.27    -22
-770.6 -1188.0 2096.8    0.0  18.10    -22
-892.9 -1162.2 2096.4    0.0  18.26    -22
-880.1 -1150.2 2089.3    0.0  18.22    -22
-892.3 -1177.4 2105.7    0.0  18.27    -22
-798.3 -1235.1 2125.8    0.0  18.21    -22
-821.4 -1243.8 2133.4    0.0  18.25    -22
-769.0 -1216.2 2111.4    0.0  18.14    -22
-857.6 -1151.3 2088.4    0.0  18.18    -22
-877.7 -1181.9 2107.8    0.0  18.25    -22
-839.8 -1157.9 2090.3    0.0  18.17    -22
-831.3 -1255.8 2140.1    0.0  18.28    -22
-872.2 -1174.0 2102.6    0.0  18.23    -22
-861.2 -1167.3 2098.3    0.0  18.21    -22
-844.7 -1253.5 2140.6    0.0  18.29    -22
-773.8 -1259.0 2132.3    0.0  18.21    -22
-823.8 -1262.9 2142.2    0.0  18.28    -22
-777.8 -1268.3 2137.2    0.0  18.23    -22
-789.6 -1172.4 2091.6    0.0  18.12    -22
-746.6 -1238.8 2117.7    0.0  18.15    -22
-750.5 -1203.4 2100.5    0.0  18.11    -22
-859.1 -1260.9 2125.9    0.0  18.39    -22
-748.1 -1205.7 2101.2    0.0  18.11    -22
-976.3 1693.8 2211.5    0.0  20.04    -22
-1823.4  460.1 2085.1    0.0  19.82    -22
-1843.4  481.1 2072.2    0.0  19.94    -22
-1050.3 1649.5 2207.2    0.0  20.03    -22
-1855.7  405.7 2117.1    0.0  19.78    -22
-1848.3   97.6 2212.2    0.0  19.30    -22
 990.6 -1460.0 2203.7    0.0  19.26    -22
 846.1 -1604.9 2214.3    0.0  19.36    -22
-564.7 -1561.1 2138.3    0.0  18.81    -22
-1100.1 -1331.9 2154.8    0.0  18.94    -22
-1054.3 -1375.5 2177.7    0.0  18.90    -22
-1004.6 -1314.4 2164.9    0.0  18.67    -22
-1055.4 -1384.7 2166.7    0.0  18.97    -22
-998.7 -1250.5 2138.6    0.0  18.70    -22
-997.8 -1249.8 2137.4    0.0  18.70    -22
-985.0 -1189.6 2110.9    0.0  18.55    -22
-929.9 -1158.6 2095.6    0.0  18.37    -22
-981.2 -1265.7 2147.8    0.0  18.67    -22
-969.8 -1174.2 2099.9    0.0  18.50    -22
-954.9 -1277.8 2151.9    0.0  18.64    -22
-844.8 -1223.5 2126.6    0.0  18.27    -22
-940.8 -1177.3 2106.6    0.0  18.42    -22
-945.3 -1195.9 2116.7    0.0  18.46    -22
-981.8 -1255.4 2143.3    0.0  18.65    -22
-846.0 -1204.1 2116.8    0.0  18.25    -22
-855.6 -1297.2 2154.5    0.0  18.46    -22
-905.1 -1210.9 2122.3    0.0  18.39    -22
-827.6 -1232.7 2129.0    0.0  18.26    -22
-890.8 -1342.5 2177.3    0.0  18.62    -22
-868.1 -1225.4 2129.7    0.0  18.33    -22
-852.8 -1225.1 2128.1    0.0  18.30    -22
-815.7 -1308.8 2159.5    0.0  18.39    -22
-813.0 -1335.5 2168.1    0.0  18.45    -22
-872.5 -1238.2 2135.9    0.0  18.36    -22
-919.1 -1322.0 2171.3    0.0  18.63    -22
-865.9 -1243.6 2137.9    0.0  18.36    -22
-920.1 -1310.5 2167.6    0.0  18.61    -22
-881.1 -1270.2 2150.6    0.0  18.44    -22
-760.0 -1305.0 2112.6    0.0  18.42    -22
-718.0 -1340.9 2151.2    0.0  18.34    -22
-757.3 -1273.0 2135.0    0.0  18.24    -22
-810.8 -1299.8 2155.3    0.0  18.37    -22
-779.4 -1398.2 2178.8    0.0  18.56    -22
-691.1 -1398.9 2160.4    0.0  18.46    -22
-785.3 -1324.4 2160.3    0.0  18.38    -22
-680.0 -1309.0 2128.9    0.0  18.23    -22
-662.3 -1304.7 2121.6    0.0  18.21    -22
-726.9 -1404.4 2171.4    0.0  18.50    -22
-698.9 -1406.2 2164.3    0.0  18.48    -22
-614.8 -1310.6 2106.1    0.0  18.21    -22
-606.8 -1330.5 2102.4    0.0  18.27    -22
-605.1 -1321.6 2106.5    0.0  18.23    -22
-571.8 -1351.3 2101.9    0.0  18.29    -22
-658.7 -1297.2 2117.6    0.0  18.20    -22
-543.0 -1372.3 2094.5    0.0  18.33    -22
-518.7 -1238.3 1996.0    0.0  18.19    -22
-481.9 -1309.7 2036.2    0.0  18.23    -22
-487.8 -1261.4 2017.4    0.0  18.15    -22
-477.2 -1382.2 2059.8    0.0  18.39    -22
-584.3 -1363.7 2111.3    0.0  18.32    -22
-486.1 -1428.1 2077.9    0.0  18.50    -22
-567.0 -1412.6 2117.4    0.0  18.44    -22
-648.7 -1391.7 2145.1    0.0  18.41    -22
-682.7 -1344.7 2142.5    0.0  18.32    -22
-616.3 -1368.2 2126.8    0.0  18.34    -22
-714.1 -1382.1 2162.7    0.0  18.43    -22
-706.8 -1465.6 2178.4    0.0  18.65    -22
-795.4 -1324.5 2162.0    0.0  18.39    -22
-1295.5 -1353.2 2094.0    0.0  20.05    -22
-1239.8 -1420.2 2137.8    0.0  19.96    -22
-1165.2 -1355.0 2145.3    0.0  19.54    -22
-1392.0 -1498.2 2073.6    0.0  20.82    -22
-1097.7 -1351.7 2159.8    0.0  19.30    -22
-751.8 -1492.6 2193.2    0.0  18.85    -22
 678.0 -1594.2 2181.7    0.0  19.06    -22
 640.7 -1464.6 2158.4    0.0  18.61    -22
 582.2 -1529.6 2143.8    0.0  18.78    -22
 692.5 -1557.2 2184.9    0.0  18.95    -22
 818.6 -1329.1 2166.6    0.0  18.49    -22
 644.8 -1312.8 2118.7    0.0  17.80    -22
 639.4 -1324.5 2084.4    0.0  17.95    -22
 626.0 -1402.1 2139.6    0.0  17.86    -22
 669.6 -1361.3 2143.5    0.0  17.85    -22
 658.3 -1385.1 2146.7    0.0  17.87    -22
 675.3 -1345.6 2133.3    0.0  17.87    -22
 670.4 -1358.8 2143.0    0.0  17.85    -22
 668.8 -1372.2 2146.5    0.0  17.86    -22
 598.3 -1393.4 2126.4    0.0  17.84    -22
 670.5 -1346.8 2139.4    0.0  17.84    -22
 650.1 -1317.2 2122.0    0.0  17.80    -22
 637.4 -1398.7 2142.8    0.0  17.87    -22
 628.8 -1401.0 2140.3    0.0  17.86    -22
 604.5 -1321.1 2105.9    0.0  17.78    -22
 610.6 -1403.1 2133.9    0.0  17.85    -22
 626.8 -1402.9 2140.1    0.0  17.86    -22
 656.1 -1323.8 2126.4    0.0  17.81    -22
 662.8 -1328.7 2130.5    0.0  17.82    -22
 600.1 -1397.9 2128.2    0.0  17.84    -22
 669.7 -1381.7 2136.6    0.0  17.92    -22
 658.2 -1327.7 2128.6    0.0  17.82    -22
 659.8 -1327.6 2129.1    0.0  17.82    -22
 640.3 -1316.2 2118.4    0.0  17.80    -22
 670.8 -1357.3 2142.6    0.0  17.85    -22
 607.5 -1334.7 2093.7    0.0  17.87    -22
 643.1 -1397.8 2144.6    0.0  17.86    -22
 581.8 -1368.0 2111.6    0.0  17.81    -22
 584.9 -1381.9 2117.2    0.0  17.82    -22
 632.0 -1317.2 2115.8    0.0  17.80    -22
 658.3 -1385.1 2146.7    0.0  17.86    -22
 588.7 -1393.6 2120.1    0.0  17.84    -22
 667.3 -1349.4 2139.2    0.0  17.83    -22
 603.3 -1332.9 2100.8    0.0  17.83    -22
 656.7 -1383.7 2145.7    0.0  17.85    -22
 665.0 -1352.9 2139.6    0.0  17.83    -22
 624.1 -1319.9 2113.6    0.0  17.80    -22
 633.5 -1404.4 2142.9    0.0  17.86    -22
 631.4 -1404.3 2142.1    0.0  17.85    -22
 624.7 -1318.4 2113.3    0.0  17.80    -22
 659.0 -1338.4 2132.7    0.0  17.82    -22
 597.8 -1332.9 2105.8    0.0  17.81    -22
 594.4 -1407.0 2128.0    0.0  17.85    -22
 611.9 -1412.7 2136.8    0.0  17.85    -22
 574.2 -1373.6 2109.8    0.0  17.82    -22
 644.8 -1329.5 2117.0    0.0  17.84    -22
 651.0 -1391.6 2145.8    0.0  17.85    -22
 573.7 -1389.1 2114.3    0.0  17.83    -22
 661.7 -1352.4 2133.9    0.0  17.85    -22
 613.1 -1412.4 2137.2    0.0  17.85    -22
 621.0 -1326.1 2114.4    0.0  17.81    -22
 652.2 -1387.6 2145.1    0.0  17.84    -22
 629.0 -1326.1 2117.6    0.0  17.81    -22
 572.2 -1372.8 2108.6    0.0  17.82    -22
 649.0 -1333.9 2127.8    0.0  17.82    -22
 591.9 -1337.5 2106.7    0.0  17.81    -22
 605.2 -1415.9 2134.7    0.0  17.85    -22
 649.8 -1388.9 2144.6    0.0  17.84    -22
 665.1 -1371.7 2127.4    0.0  17.91    -22
 654.5 -1374.6 2142.5    0.0  17.83    -22
 570.5 -1370.8 2107.2    0.0  17.83    -22
 582.6 -1413.9 2124.6    0.0  17.85    -22
 599.0 -1421.7 2133.4    0.0  17.85    -22
 594.1 -1418.1 2130.5    0.0  17.85    -22
 632.3 -1406.8 2143.2    0.0  17.84    -22
 600.2 -1418.2 2133.1    0.0  17.85    -22
 587.9 -1344.4 2107.2    0.0  17.81    -22
 652.6 -1377.1 2142.5    0.0  17.83    -22
-584.9 -1378.7 2116.2    0.0  17.83    -22
-821.8 -1364.7 2159.8    0.0  18.03    -22
-558.6 -1667.0 2132.7    0.0  18.14    -22
 877.4 -1284.3 2152.2    0.0  18.02    -22
-785.8 -1226.8 2112.9    0.0  17.95    -22
 722.3 -1611.7 2193.8    0.0  18.05    -22
 842.5 -1512.6 2209.0    0.0  18.03    -22
-581.9 -1671.4 2143.9    0.0  18.13    -22
-579.8 -1648.8 2144.6    0.0  18.09    -22
 878.1 -1374.1 2185.7    0.0  18.00    -22
-626.3 -1619.6 2164.4    0.0  18.04    -22
 688.3 -1620.9 2184.8    0.0  18.05    -22
 881.9 -1319.6 2169.2    0.0  18.00    -22
 881.7 -1340.6 2169.3    0.0  18.03    -22
 831.6 -1199.7 2113.1    0.0  17.98    -22
 957.4 -1673.8 2214.1    0.0  18.35    -22
 760.2 -1562.4 2201.1    0.0  18.00    -22
 706.5 -1149.8 2035.8    0.0  18.01    -22
-1353.7 -131.8 2049.6    0.0  17.81    -22
-1338.0  -57.1 2048.0    0.0  17.84    -22
-1339.6 -150.2 2035.4    0.0  17.82    -22
-1339.3 -150.9 2035.0    0.0  17.82    -22
-1345.2  -49.0 2054.0    0.0  17.83    -22
-1368.9  -67.6 2066.9    0.0  17.83    -22
-1362.2  -61.9 2065.3    0.0  17.82    -22
-1372.6 -146.2 2059.5    0.0  17.80    -22
-1343.6  -41.0 2053.5    0.0  17.84    -22
-1389.0 -118.2 2075.6    0.0  17.80    -22
-1341.6 -151.3 2036.7    0.0  17.82    -22
-1330.4  -46.3 2043.4    0.0  17.84    -22
-1343.9  -43.1 2053.5    0.0  17.84    -22
-1352.8 -150.6 2045.3    0.0  17.81    -22
-1396.1  -99.1 2082.8    0.0  17.80    -22
-1319.4  -58.4 2034.2    0.0  17.84    -22
-1389.0  -62.7 2082.5    0.0  17.82    -22
-1416.2  -88.5 2079.9    0.0  17.88    -22
-1322.7  -66.7 2035.9    0.0  17.84    -22
-1372.8  -40.8 2073.4    0.0  17.83    -22
-1336.2 -137.6 2035.7    0.0  17.82    -22
-1385.4 -147.8 2067.6    0.0  17.80    -22
-1380.9 -151.1 2063.9    0.0  17.80    -22
-1375.1  -41.1 2074.9    0.0  17.83    -22
-1376.2  -42.5 2075.5    0.0  17.83    -22
-1372.7  -41.4 2042.2    0.0  17.96    -22
-1401.4  -50.3 2091.2    0.0  17.82    -22
-1410.9 -147.1 2072.7    0.0  17.84    -22
-1375.1  -42.8 2074.8    0.0  17.83    -22
-1424.5  -50.1 2104.5    0.0  17.82    -22
-1383.3  -54.3 2079.3    0.0  17.82    -22
-1436.9  -54.4 2111.1    0.0  17.82    -22
-1444.4 -153.5 2101.8    0.0  17.80    -22
-1407.4  -55.1 2091.5    0.0  17.83    -22
-1444.5 -159.5 2100.5    0.0  17.80    -22
-1463.6  -77.2 2122.9    0.0  17.82    -22
-1421.1  -55.8 2102.1    0.0  17.82    -22
-1411.7  -65.2 2096.0    0.0  17.81    -22
-1424.4 -167.0 2087.3    0.0  17.80    -22
-1474.1  -83.4 2127.4    0.0  17.82    -22
-1409.5 -137.5 2077.2    0.0  17.83    -22
-1446.5  -87.7 2113.5    0.0  17.80    -22
-1506.6 -198.2 2107.7    0.0  17.89    -22
-1461.8  -97.8 2120.1    0.0  17.81    -22
-1507.5 -104.5 2120.2    0.0  17.91    -22
-918.0 -1208.3 2123.1    0.0  17.84    -22
-1504.3 -215.5 2116.2    0.0  17.84    -22
-1526.6 -211.1 2127.0    0.0  17.84    -22
-1528.9 -157.8 2140.5    0.0  17.83    -22
-911.4 -1225.1 2131.3    0.0  17.84    -22
-861.8 -1182.4 2107.2    0.0  17.81    -22
-1526.4 -156.2 2139.9    0.0  17.82    -22
-657.0 -1299.1 2117.8    0.0  17.94    -22
-1002.1 -1306.0 2162.1    0.0  18.01    -22
-918.0 -1249.8 2139.4    0.0  17.86    -22
-1001.4 -1219.7 2125.1    0.0  17.90    -22
-917.3 -1272.2 2152.4    0.0  17.88    -22
-1025.6 -1275.6 2147.5    0.0  18.00    -22
-985.1 -1212.4 2123.0    0.0  17.87    -22
-1024.6 -1268.8 2144.9    0.0  17.98    -22
-945.3 -1303.2 2160.0    0.0  17.96    -22
-933.7 -1295.2 2161.5    0.0  17.92    -22
-910.4 -1256.6 2146.1    0.0  17.85    -22
-928.6 -1289.2 2159.1    0.0  17.91    -22
-912.4 -1237.1 2137.2    0.0  17.83    -22
-912.4 -1264.2 2149.2    0.0  17.86    -22
-934.3 -1210.7 2124.2    0.0  17.83    -22
-947.5 -1302.3 2158.4    0.0  17.96    -22
-1013.3 -1273.3 2148.0    0.0  17.97    -22
-1021.4 -1260.6 2132.2    0.0  18.00    -22
-923.3 -1282.0 2156.3    0.0  17.89    -22
-955.2 -1199.2 2117.9    0.0  17.84    -22
-1015.7 -1252.7 2139.2    0.0  17.95    -22
-986.3 -1287.7 2156.6    0.0  17.95    -22
-904.6 -1251.4 2143.5    0.0  17.85    -22
-903.4 -1256.9 2145.9    0.0  17.85    -22
-908.0 -1267.6 2150.5    0.0  17.86    -22
-906.6 -1219.3 2128.5    0.0  17.82    -22
-1000.7 -1270.4 2146.3    0.0  17.95    -22
-1554.5 -215.2 2120.5    0.0  17.95    -22
-931.7 -1286.8 2158.2    0.0  17.90    -22
-983.4 -1281.1 2154.4    0.0  17.93    -22
-1007.6 -1245.3 2136.6    0.0  17.93    -22
-1511.8 -203.7 2122.9    0.0  17.83    -22
-894.6 -1224.8 2131.0    0.0  17.82    -22
-1562.4 -236.7 2133.9    0.0  17.89    -22
-1503.2 -203.5 2119.3    0.0  17.83    -22
-997.5 -1259.7 2144.3    0.0  17.92    -22
-898.0 -1218.5 2128.2    0.0  17.82    -22
-906.2 -1200.7 2119.1    0.0  17.82    -22
-1540.1 -210.5 2132.9    0.0  17.86    -22
-896.3 -1226.9 2109.6    0.0  17.92    -22
-1503.3 -193.1 2121.9    0.0  17.82    -22
-894.1 -1209.6 2123.6    0.0  17.82    -22
-982.5 -1256.2 2143.6    0.0  17.90    -22
-1518.1 -192.5 2128.3    0.0  17.83    -22
-895.7 -1255.9 2145.0    0.0  17.85    -22
-907.5 -1269.5 2139.5    0.0  17.91    -22
-1554.7 -224.1 2134.7    0.0  17.87    -22
-1557.8 -249.3 2128.0    0.0  17.89    -22
-1523.0 -184.8 2132.0    0.0  17.83    -22
-883.3 -1227.0 2120.4    0.0  17.87    -22
-1553.7 -206.0 2125.4    0.0  17.92    -22
-892.4 -1251.5 2142.9    0.0  17.84    -22
-980.7 -1237.6 2135.6    0.0  17.88    -22
-886.1 -1218.1 2090.1    0.0  17.98    -22
-876.6 -1219.3 2127.4    0.0  17.82    -22
-876.3 -1205.2 2120.1    0.0  17.82    -22
-1500.5 -165.8 2126.9    0.0  17.82    -22
-976.6 -1236.0 2135.1    0.0  17.88    -22
-948.3 -1247.2 2141.5    0.0  17.86    -22
-894.3 -1238.4 2137.1    0.0  17.83    -22
-872.7 -1210.2 2122.3    0.0  17.82    -22
-1479.3 -146.8 2120.7    0.0  17.81    -22
-986.9 -1430.1 2198.1    0.0  18.01    -22
-635.2 -1430.9 2149.8    0.0  18.08    -22
-650.0 -1223.6 2080.5    0.0  17.92    -22
-1155.4 -1371.9 2154.2    0.0  18.14    -22
-1781.7 -218.1 2155.6    0.0  18.23    -22
-643.0 -1871.4 2125.0    0.0  18.99    -22
-1458.4  -56.7 2122.4    0.0  17.74    -22
-1486.0  -39.5 2136.7    0.0  17.77    -22
-1532.9  -41.2 2124.0    0.0  17.95    -22
-1462.9  -55.6 2124.7    0.0  17.75    -22
-1507.4  -38.9 2126.7    0.0  17.87    -22
-1467.8 -130.3 2117.8    0.0  17.76    -22
-1541.3  -81.9 2156.9    0.0  17.82    -22
-1459.0  -58.6 2122.5    0.0  17.74    -22
-1463.7 -124.2 2116.8    0.0  17.75    -22
-1542.0 -108.5 2154.1    0.0  17.82    -22
-1511.1 -139.5 2136.6    0.0  17.80    -22
-1510.5 -140.9 2136.1    0.0  17.80    -22
-1502.2 -143.5 2127.3    0.0  17.81    -22
-1455.8 -114.0 2114.7    0.0  17.74    -22
-1454.1  -70.9 2119.0    0.0  17.74    -22
-1476.5  -43.0 2132.1    0.0  17.76    -22
-1490.6 -143.7 2126.7    0.0  17.78    -22
-1489.8 -141.7 2126.6    0.0  17.78    -22
-1538.7 -116.1 2151.6    0.0  17.82    -22
-1456.4  -94.4 2108.0    0.0  17.79    -22
-1537.7  -69.5 2156.5    0.0  17.81    -22
-1453.1  -78.3 2117.8    0.0  17.74    -22
-1466.6  -52.5 2126.8    0.0  17.75    -22
-1454.1  -85.8 2113.7    0.0  17.76    -22
-1543.1  -95.0 2156.4    0.0  17.81    -22
-1478.8  -42.5 2133.2    0.0  17.76    -22
-1457.9  -92.8 2105.0    0.0  17.81    -22
-1531.6 -130.8 2146.4    0.0  17.81    -22
-1491.4 -142.2 2127.3    0.0  17.78    -22
-1501.5  -41.4 2144.0    0.0  17.78    -22
-1458.2  -65.6 2121.5    0.0  17.75    -22
-1544.6  -92.9 2157.3    0.0  17.81    -22
-1500.8 -144.6 2130.5    0.0  17.79    -22
-1477.0  -46.3 2119.1    0.0  17.82    -22
-1513.2  -41.6 2138.0    0.0  17.83    -22
-1514.4 -143.5 2137.3    0.0  17.80    -22
-1534.7  -62.7 2155.9    0.0  17.80    -22
-1454.1  -76.3 2118.5    0.0  17.75    -22
-1541.9  -81.2 2157.2    0.0  17.81    -22
-1476.6 -136.1 2121.1    0.0  17.77    -22
-1485.3  -40.6 2136.4    0.0  17.77    -22
-1505.1  -41.7 2142.9    0.0  17.79    -22
-1454.8 -103.0 2115.7    0.0  17.75    -22
-1476.5  -46.4 2132.0    0.0  17.76    -22
-1519.0 -145.7 2110.1    0.0  17.92    -22
-1532.4 -130.7 2146.7    0.0  17.80    -22
-1514.1 -144.6 2137.0    0.0  17.79    -22
-1465.4 -100.5 2100.6    0.0  17.85    -22
-1543.1  -85.7 2157.3    0.0  17.80    -22
-1518.2  -41.5 2135.3    0.0  17.86    -22
-1477.9 -138.8 2121.4    0.0  17.77    -22
-1485.9  -43.1 2136.6    0.0  17.77    -22
-1485.0 -143.0 2124.1    0.0  17.78    -22
-1486.5 -143.5 2124.7    0.0  17.78    -22
-1544.4 -107.2 2155.3    0.0  17.80    -22
-1521.6 -144.7 2140.1    0.0  17.80    -22
-1473.1 -137.0 2119.3    0.0  17.78    -22
-1540.8  -70.2 2157.7    0.0  17.80    -22
-1465.9 -124.8 2117.8    0.0  17.77    -22
-1555.2 -106.2 2140.9    0.0  17.89    -22
-1482.3 -142.2 2122.9    0.0  17.78    -22
-1500.7 -151.7 2129.6    0.0  17.79    -22
-1543.8 -121.3 2152.9    0.0  17.80    -22
-1458.5 -108.4 2117.0    0.0  17.77    -22
-1489.4 -146.5 2125.7    0.0  17.78    -22
-1459.2  -72.3 2121.3    0.0  17.77    -22
-1522.5  -48.7 2152.1    0.0  17.78    -22
-1535.1  -59.8 2156.3    0.0  17.79    -22
-1535.0  -61.3 2156.1    0.0  17.79    -22
-1483.8  -44.9 2135.5    0.0  17.77    -22
-1529.8 -148.8 2123.9    0.0  17.88    -22
-1457.9  -93.7 2118.6    0.0  17.77    -22
-1540.8  -72.7 2157.5    0.0  17.79    -22
-1543.5  -80.5 2157.9    0.0  17.79    -22
-1471.4  -96.9 2098.9    0.0  17.89    -22
-1555.0  -81.4 2144.6    0.0  17.87    -22
-1543.0 -127.9 2151.5    0.0  17.79    -22
-1713.0 -295.1 2138.9    0.0  18.11    -22
-1737.9  -30.7 2209.9    0.0  17.94    -22
-965.8 -1356.5 2180.8    0.0  18.07    -22
-1628.9 -376.4 2099.7    0.0  18.09    -22
-700.0 -1275.9 2115.8    0.0  18.03    -22
-1652.2  138.6 2183.5    0.0  17.97    -22
-1507.9  192.3 2102.0    0.0  18.06    -22
-705.4 -1258.2 2115.8    0.0  17.99    -22
-1744.4 -174.0 2193.5    0.0  17.97    -22
-734.2 -1322.7 2148.9    0.0  18.03    -22
-1644.2  139.6 2181.4    0.0  17.96    -22
-1645.7 -350.6 2117.4    0.0  18.05    -22
-1508.3  189.6 2124.6    0.0  17.96    -22
-1323.3   61.7 2037.0    0.0  17.89    -22
-1621.4 -366.7 2102.3    0.0  18.06    -22
-1685.0   89.0 2197.1    0.0  17.94    -22
-1400.8  157.4 2075.7    0.0  17.93    -22
-1014.7 -1280.0 2150.5    0.0  18.04    -22
-764.8 -1477.7 2193.5    0.0  18.02    -22
-595.7 -1456.5 2139.4    0.0  18.06    -22
-524.9 -1307.1 2061.1    0.0  18.00    -22
-984.3 -1119.8 2068.7    0.0  18.03    -22
-544.1 -1395.7 2101.6    0.0  18.04    -22
-642.5 -1470.6 2160.2    0.0  18.04    -22
-559.4 -1415.6 2114.5    0.0  18.04    -22
-682.4 -1466.7 2172.1    0.0  18.08    -22
-523.6 -1546.0 2114.9    0.0  18.28    -22
-670.0 -1476.9 2169.9    0.0  18.03    -22
-1005.3 -1305.6 2150.1    0.0  18.09    -22
-1502.2   92.7 2134.8    0.0  18.02    -22
-1376.5   37.0 2069.9    0.0  17.99    -22
-702.4 -1888.2 2131.6    0.0  30.86    -22
-1006.2 -1386.1 2185.6    0.0  17.88    -22
-741.4 -1222.5 2108.1    0.0  17.83    -22
-1488.3   87.5 2133.8    0.0  17.99    -22
-1119.8 -1804.0 2170.1    0.0  18.56    -22
-1512.7  100.3 2143.1    0.0  18.01    -22
-1791.8 -181.8 2196.5    0.0  18.03    -22
-743.5 -1144.8 2064.9    0.0  17.85    -22
-1006.0 -1378.7 2184.6    0.0  17.87    -22
-893.4 -1369.4 2185.2    0.0  17.83    -22
-1739.5  -29.9 2210.2    0.0  18.02    -22
-1457.8   75.8 2120.3    0.0  17.98    -22
-762.8 -1283.9 2140.9    0.0  17.82    -22
-1653.2   63.1 2193.0    0.0  18.02    -22
-1786.8 -283.0 2167.9    0.0  18.06    -22
-881.9 -1364.3 2183.2    0.0  17.82    -22
-1451.8 -243.6 2060.7    0.0  10.70    -22
-587.4 -1408.7 2125.7    0.0  18.20    -22
-1587.1 -178.4 2157.6    0.0  17.80    -22
-1589.4 -188.4 2156.2    0.0  17.81    -22
-1502.8 -178.1 2118.4    0.0  17.76    -22
-1510.3 -155.0 2133.4    0.0  17.73    -22
-1503.2 -201.5 2119.0    0.0  17.73    -22
-1534.5 -142.9 2145.7    0.0  17.75    -22
-1522.4 -228.1 2120.2    0.0  17.76    -22
-1553.7 -139.7 2140.4    0.0  17.82    -22
-1508.0 -184.2 2103.9    0.0  17.83    -22
-1514.0 -220.0 2119.0    0.0  17.75    -22
-1534.1 -140.1 2146.0    0.0  17.75    -22
-1524.5 -146.0 2132.2    0.0  17.78    -22
-1588.2 -194.7 2154.1    0.0  17.80    -22
-1517.2 -223.2 2119.4    0.0  17.75    -22
-1571.7 -227.5 2139.8    0.0  17.80    -22
-1587.1 -181.4 2157.1    0.0  17.80    -22
-1505.9 -191.5 2107.4    0.0  17.80    -22
-1587.7 -203.3 2151.7    0.0  17.81    -22
-1568.4 -231.6 2121.0    0.0  17.86    -22
-1552.5 -236.3 2130.5    0.0  17.78    -22
-1574.4 -226.2 2141.0    0.0  17.80    -22
-1586.0 -212.0 2148.8    0.0  17.80    -22
-1556.5 -236.9 2131.7    0.0  17.79    -22
-1501.6 -173.5 2122.3    0.0  17.75    -22
-1566.4 -149.7 2156.1    0.0  17.78    -22
-1525.5 -144.7 2141.7    0.0  17.74    -22
-1589.5 -187.1 2156.4    0.0  17.80    -22
-1514.2 -220.2 2119.0    0.0  17.75    -22
-1509.5 -213.9 2118.9    0.0  17.75    -22
-1556.2 -144.5 2153.6    0.0  17.77    -22
-1563.8 -147.8 2155.6    0.0  17.77    -22
-1503.6 -163.8 2128.6    0.0  17.73    -22
-1532.4 -234.5 2122.6    0.0  17.77    -22
-1502.3 -175.0 2125.6    0.0  17.73    -22
-1581.9 -164.1 2158.6    0.0  17.79    -22
-1540.3 -238.2 2124.9    0.0  17.78    -22
-1507.8 -198.7 2109.5    0.0  17.80    -22
-1531.7 -141.7 2144.7    0.0  17.75    -22
-1577.7 -160.9 2157.8    0.0  17.78    -22
-1556.1 -235.2 2110.0    0.0  17.88    -22
-1539.3 -142.0 2147.8    0.0  17.75    -22
-1525.1 -143.8 2141.6    0.0  17.75    -22
-1513.7 -222.4 2118.2    0.0  17.76    -22
-1591.2 -203.7 2152.8    0.0  17.80    -22
-1536.1 -237.4 2123.3    0.0  17.78    -22
-1527.3 -232.3 2121.1    0.0  17.77    -22
-1536.6 -142.9 2146.5    0.0  17.75    -22
-1514.5 -221.3 2118.8    0.0  17.76    -22
-1552.6 -242.4 2128.5    0.0  17.79    -22
-1558.8 -144.7 2154.5    0.0  17.76    -22
-1535.5 -240.3 2122.2    0.0  17.78    -22
-1504.5 -195.3 2122.0    0.0  17.75    -22
-1515.7 -222.9 2118.9    0.0  17.76    -22
-1551.2 -241.8 2128.2    0.0  17.78    -22
-1552.7 -241.9 2118.1    0.0  17.83    -22
-1508.3 -207.5 2120.3    0.0  17.75    -22
-1591.3 -178.2 2159.1    0.0  17.78    -22
-1507.6 -167.0 2129.6    0.0  17.75    -22
-1566.5 -146.4 2156.8    0.0  17.77    -22
-1505.0 -183.6 2124.8    0.0  17.75    -22
-1510.1 -200.4 2115.3    0.0  17.79    -22
-1553.1 -245.1 2127.8    0.0  17.79    -22
-1535.8 -142.8 2146.3    0.0  17.75    -22
-1507.7 -171.9 2128.5    0.0  17.75    -22
-1515.2 -158.3 2134.7    0.0  17.75    -22
-1591.2 -215.8 2149.6    0.0  17.79    -22
-1573.3 -151.5 2158.1    0.0  17.77    -22
-1529.3 -146.7 2136.9    0.0  17.78    -22
-1593.5 -204.0 2153.6    0.0  17.79    -22
-1559.8 -245.2 2130.1    0.0  17.79    -22
-1571.4 -152.5 2157.3    0.0  17.77    -22
-1515.5 -155.7 2135.4    0.0  17.75    -22
-1510.6 -213.1 2119.6    0.0  17.77    -22
-1506.5 -184.8 2125.1    0.0  17.75    -22
-1523.5 -230.1 2120.1    0.0  17.77    -22
-1568.2 -246.6 2132.6    0.0  17.79    -22
-1578.7 -156.7 2159.0    0.0  17.77    -22
-1523.6 -233.4 2119.1    0.0  17.78    -22
-1537.2 -146.0 2132.3    0.0  17.82    -22
-1587.8 -234.7 2130.4    0.0  17.85    -22
-1521.0 -232.1 2118.4    0.0  17.78    -22
-1509.3 -201.5 2119.0    0.0  17.78    -22
-1600.6 -229.5 2114.7    0.0  17.95    -22
-915.9 -1409.4 2195.8    0.0  17.91    -22
-823.8 -1380.3 2154.3    0.0  18.02    -22
-1591.7   83.0 2167.8    0.0  17.93    -22
-909.6 -1410.5 2195.9    0.0  17.91    -22
-1456.3   62.8 2121.0    0.0  17.87    -22
-1685.2   40.8 2200.9    0.0  17.90    -22
-1728.6   -3.1 2209.0    0.0  17.91    -22
-841.3 -1382.6 2185.1    0.0  17.89    -22
-721.5 -1253.3 2118.1    0.0  17.88    -22
-1782.5 -361.1 2136.0    0.0  18.05    -22
-1694.7   27.2 2203.3    0.0  17.90    -22
-1784.2  250.8 2178.2    0.0  18.34    -22
-740.3 -1252.9 2116.1    0.0  17.89    -22
-1801.5 -178.3 2198.1    0.0  17.94    -22
-782.5 -1326.8 2160.7    0.0  17.87    -22
-776.6 -1332.4 2142.9    0.0  17.96    -22
-1727.2   -1.4 2208.8    0.0  17.90    -22
-1815.4 -185.9 2190.1    0.0  17.99    -22
-1341.3  -92.1 2047.1    0.0  17.85    -22
-1060.4 -1415.8 2181.8    0.0  17.99    -22
-1794.0 -144.5 2203.7    0.0  17.92    -22
-1746.2 -410.0 2107.8    0.0  18.07    -22
-1528.6   85.8 2151.2    0.0  17.89    -22
Event1 ##########(x,y,z,E,t,pdgID) ####################################
ERICHHits-----------------------------------------------------------------
-447.6  465.3 -1931.0    0.0 1918.20    -22
-238.0  298.1 -1931.0    0.0 1918.24    -22
 -98.7  806.2 -1931.0    0.0 1918.41    -22
 465.3  443.8 -1932.2    0.0 1919.21    -22
-130.1  784.6 -1931.0    0.0 1918.07    -22
-141.0  764.4 -1931.0    0.0 1917.92    -22
-396.2  784.5 -1931.0    0.0 1918.05    -22
 -17.4  481.2 -1931.0    0.0 1917.92    -22
 222.1  772.1 -1931.0    0.0 1918.51    -22
 212.2  451.4 -1931.0    0.0 1919.38    -22
-427.3  653.8 -1931.0    0.0 1918.28    -22
-790.8  -10.5 -1931.0    0.0 1920.26    -22
 -10.8  750.2 -1931.0    0.0 1917.67    -22
-115.0  178.0 -1931.6    0.0 1917.88    -22
 312.7    3.7 -1931.0    0.0 1919.36    -22
-428.4  427.6 -1931.0    0.0 1918.25    -22
-436.2 -757.4 -1931.0    0.0 1919.93    -22
 -54.2 -121.8 -1931.0    0.0 1918.96    -22
-174.9  530.1 -1932.5    0.0 1913.86    -22
-174.5  530.3 -1932.5    0.0 1913.86    -22
-175.0  530.0 -1932.5    0.0 1913.86    -22
-174.9  529.6 -1932.5    0.0 1913.86    -22
-173.0  530.4 -1932.5    0.0 1913.87    -22
-174.0  521.4 -1932.3    0.0 1913.85    -22
-170.4  510.2 -1932.5    0.0 1913.86    -22
-177.7  509.9 -1932.5    0.0 1913.84    -22
-176.5  506.8 -1932.5    0.0 1913.85    -22
-178.6  509.8 -1932.5    0.0 1913.84    -22
-175.5  494.0 -1932.5    0.0 1913.86    -22
DRICHHits-----------------------------------------------------------------
-1365.8 -311.3 1999.5    0.0 1964.52    -22
 410.1 1390.1 2008.7    0.0 1941.75    -22
1256.9 1145.8 2009.0    0.0 1950.90    -22
 786.4 1257.4 2134.3    0.0 1949.59    -22
-965.1 1555.2 2215.3    0.0 1949.46    -22
-618.7 1333.7 2116.0    0.0 1949.06    -22
-926.0 1288.2 2158.7    0.0 1949.16    -22
-1236.5 1392.1 2132.1    0.0 1949.53    -22
-1987.4 -397.7 2108.7    0.0 1951.83    -22
 633.1 1260.9 2087.1    0.0  18.12    -22
1047.6 1486.2 2201.2    0.0  18.87    -22
1010.9 1255.8 2141.2    0.0  18.51    -22
 884.9 1201.6 2118.9    0.0  18.25    -22
 658.2 1685.8 2171.6    0.0  18.91    -22
-695.8 1453.6 2173.7    0.0  18.48    -22
1058.3 1361.4 2173.0    0.0  18.71    -22
-692.8 1368.2 2152.5    0.0  18.33    -22
 759.1 1206.1 2103.9    0.0  18.11    -22
 766.7 1691.3 2198.7    0.0  18.95    -22
 712.7 1702.3 2185.5    0.0  18.96    -22
 985.8 1324.8 2169.9    0.0  18.53    -22
 986.3 1241.6 2137.0    0.0  18.45    -22
-694.9 1473.4 2176.5    0.0  18.51    -22
2116.6 -206.1 2149.7    0.0  20.12    -22
 808.3 1696.9 2204.5    0.0  18.99    -22
1017.2 1278.3 2149.5    0.0  18.54    -22
1018.5 1274.8 2148.0    0.0  18.54    -22
-488.6 -1723.8 2090.2    0.0  34.72    -22
1355.4 -273.8 2008.6    0.0  21.31    -22
-1535.1 -106.1 2151.7    0.0  19.86    -22
1890.3  -80.6 2186.4    0.0  19.10    -22
1792.2 -132.5 2205.6    0.0  18.77    -22
1199.5 1618.5 2173.1    0.0  19.73    -22
1825.5 -121.1 2208.8    0.0  18.84    -22
 915.1 1597.8 2217.5    0.0  18.82    -22
 968.4 1267.7 2149.3    0.0  18.40    -22
1167.1 1443.4 2168.1    0.0  19.00    -22
1015.8 1262.7 2137.8    0.0  18.51    -22
 971.5 -1527.8 2211.2    0.0  19.53    -22
 990.1 1281.2 2147.0    0.0  18.48    -22
-935.8 -1506.6 2212.2    0.0  19.39    -22
-921.5 -1483.7 2209.7    0.0  19.29    -22
-1032.6 -1542.4 2209.1    0.0  19.75    -22
-943.1 -1513.9 2212.8    0.0  19.43    -22
-910.4 -1458.4 2205.7    0.0  19.19    -22
-1077.4 -1496.6 2191.7    0.0  19.76    -22
 470.0 -1543.1 2086.3    0.0  18.91    -22
 496.6 -1449.4 2089.0    0.0  18.61    -22
 788.8 -1483.8 2198.9    0.0  18.80    -22
1135.8 1782.3 2172.4    0.0  20.44    -22
1137.3 1781.9 2172.0    0.0  20.44    -22
1130.6 1779.7 2174.2    0.0  20.42    -22
 906.2 1861.8 2178.0    0.0  20.21    -22
-870.6 1892.6 2161.3    0.0  19.83    -22
 962.1 1836.7 2184.3    0.0  20.22    -22
-610.6 1615.1 2153.7    0.0  18.99    -22
 822.6 1725.5 2202.8    0.0  19.67    -22
-879.0 1747.8 2204.2    0.0  19.37    -22
-887.8 1737.0 2191.9    0.0  19.42    -22
-488.1 1771.9 2080.0    0.0  19.54    -22
 812.7 1867.7 2168.6    0.0  20.12    -22
-1050.7 1815.9 2181.3    0.0  19.73    -22
-1087.6 1813.7 2175.8    0.0  19.78    -22
-1064.9 1646.3 2205.3    0.0  19.33    -22
-560.8 1814.5 2108.6    0.0  19.61    -22
-712.5 1616.5 2188.1    0.0  18.98    -22
-597.6 1885.0 2101.9    0.0  19.83    -22
-1118.7 1602.7 2196.0    0.0  19.33    -22
 623.0 1299.7 2105.1    0.0  17.96    -22
 685.2 1343.0 2142.6    0.0  18.06    -22
 630.2 1348.1 2125.4    0.0  18.04    -22
 620.3 1333.3 2116.5    0.0  18.01    -22
 694.0 1322.5 2138.5    0.0  18.03    -22
 681.9 1339.5 2140.6    0.0  18.05    -22
 695.7 1317.1 2137.0    0.0  18.02    -22
 632.5 1345.3 2125.3    0.0  18.03    -22
 617.3 1328.7 2113.8    0.0  18.00    -22
 622.6 1297.3 2103.9    0.0  17.96    -22
 620.1 1335.7 2117.3    0.0  18.01    -22
 682.4 1339.4 2140.7    0.0  18.05    -22
 630.1 1291.4 2104.6    0.0  17.95    -22
 691.6 1290.1 2125.5    0.0  17.98    -22
 694.7 1317.0 2136.7    0.0  18.02    -22
 679.6 1341.0 2140.5    0.0  18.05    -22
 620.1 1325.0 2113.6    0.0  18.00    -22
 653.7 1274.9 2106.2    0.0  17.94    -22
 679.6 1341.7 2140.7    0.0  18.05    -22
 681.7 1340.9 2141.0    0.0  18.05    -22
 696.1 1313.5 2135.8    0.0  18.01    -22
 628.9 1290.5 2103.8    0.0  17.95    -22
 626.4 1339.9 2121.1    0.0  18.02    -22
 654.1 1359.7 2126.0    0.0  18.11    -22
 646.2 1351.5 2132.7    0.0  18.04    -22
 687.7 1322.9 2136.6    0.0  18.02    -22
 617.3 1314.6 2108.8    0.0  17.98    -22
 643.5 1348.7 2130.7    0.0  18.04    -22
 616.0 1310.6 2106.6    0.0  17.98    -22
 688.4 1285.0 2122.6    0.0  17.97    -22
 656.0 1347.8 2132.9    0.0  18.05    -22
 641.2 1346.2 2129.0    0.0  18.03    -22
 690.1 1309.6 2132.4    0.0  18.00    -22
 615.9 1328.2 2113.1    0.0  18.00    -22
 622.0 1290.8 2101.0    0.0  17.96    -22
 635.1 1347.2 2127.0    0.0  18.03    -22
 691.6 1298.6 2116.5    0.0  18.04    -22
 650.0 1345.5 2132.2    0.0  18.03    -22
-764.3 1292.1 2144.4    0.0  18.15    -22
-769.2 1213.7 2110.0    0.0  18.12    -22
1820.9  -91.3 2212.4    0.0  19.33    -22
 862.5 1350.2 2178.2    0.0  18.12    -22
 901.3 1134.2 2080.3    0.0  18.11    -22
-645.8 1925.1 2105.2    0.0  19.29    -22
-725.1 1349.2 2155.5    0.0  18.15    -22
 708.4 1756.0 2175.9    0.0  18.27    -22
-563.0 1596.5 2138.8    0.0  17.96    -22
 922.3 1655.6 2216.2    0.0  18.33    -22
-551.8 1322.1 2045.6    0.0  18.01    -22
 890.1 1690.8 2204.6    0.0  18.36    -22
-599.1 1506.7 2130.5    0.0  17.95    -22
 962.6 1292.4 2157.9    0.0  18.27    -22
 990.1 1550.7 2213.9    0.0  18.34    -22
-578.0 1360.7 2107.6    0.0  17.83    -22
-944.2 1586.5 2217.6    0.0  18.13    -22
-605.3 1511.8 2151.5    0.0  17.87    -22
-584.6 1368.0 2112.9    0.0  17.83    -22
 804.7 1247.0 2132.4    0.0  18.05    -22
 676.6 -1972.9 2093.9    0.0  26.15    -22
1644.9  207.1 2167.7    0.0  18.76    -22
1684.2  -84.0 2197.4    0.0  18.43    -22
1331.2 -207.5 2013.6    0.0  29.72    -22
1530.6  -54.4 2155.0    0.0  29.16    -22
1553.5  -29.0 2154.1    0.0  29.16    -22
1535.0  -46.3 2157.1    0.0  29.15    -22
1601.4    2.3 2176.2    0.0  29.10    -22
1703.9  -72.0 2202.6    0.0  29.32    -22
1934.2   79.4 2209.8    0.0  29.41    -22
1996.8   86.7 2200.8    0.0  29.48    -22
-578.4 1754.8 2130.3    0.0  24.48    -22
-629.3 1713.0 2158.3    0.0  24.43    -22
-741.4 1442.4 2182.7    0.0  24.44    -22
-832.3 1442.8 2197.0    0.0  24.59    -22
-779.8 1504.0 2199.8    0.0  24.47    -22
-812.3 1415.8 2190.1    0.0  24.57    -22
-786.0 1503.0 2200.9    0.0  24.48    -22
-1016.6 1088.4 2036.3    0.0  25.77    -22
-1011.6 1091.8 2038.3    0.0  25.75    -22
-549.5 1689.9 2113.1    0.0  23.18    -22
-745.2 1515.0 2194.6    0.0  23.05    -22
-789.4 1369.9 2174.8    0.0  23.24    -22
-720.3 1447.0 2178.8    0.0  22.16    -22
-705.2 1438.5 2163.0    0.0  22.23    -22
-441.6 1309.6 1993.5    0.0  12.41    -22
-441.3 1309.1 1993.7    0.0  12.41    -22
-437.4 1302.4 1993.7    0.0  12.42    -22
-435.0 1298.2 1993.5    0.0  12.43    -22
-438.1 1301.0 1990.1    0.0  12.42    -22
-437.8 1302.4 1992.9    0.0  12.42    -22
Event2 ##########(x,y,z,E,t,pdgID) ####################################
ERICHHits-----------------------------------------------------------------
  29.8  438.8 -1931.0    0.0 2776.97    -22
  60.5  303.3 -1931.0    0.0 2776.72    -22
 316.6  154.1 -1931.0    0.0 2776.85    -22
 244.4  102.3 -1931.0    0.0 2776.71    -22
 168.6    0.7 -1931.0    0.0 2776.63    -22
 192.5  351.9 -1931.0    0.0 2776.86    -22
  79.2  453.7 -1931.0    0.0 2776.98    -22
  42.4  156.4 -1931.0    0.0 2776.54    -22
  94.9  325.0 -1931.0    0.0 2776.74    -22
DRICHHits-----------------------------------------------------------------
 904.8 1179.2 2107.2    0.0  18.45    -22
 887.4 1207.0 2117.0    0.0  18.46    -22
 886.4 1222.2 2126.0    0.0  18.48    -22
 908.2 1265.3 2149.1    0.0  18.61    -22
 932.5 1288.8 2159.0    0.0  18.72    -22
 916.9 1290.1 2159.5    0.0  18.68    -22
 983.6 1200.8 2116.9    0.0  18.71    -22
1005.7 1214.4 2122.1    0.0  18.79    -22
1012.1 1219.1 2123.6    0.0  18.82    -22
1003.4 1245.0 2136.9    0.0  18.84    -22
 996.3 1301.1 2160.7    0.0  18.92    -22
 917.2 1358.7 2172.0    0.0  18.87    -22
 972.3 1364.7 2165.7    0.0  19.05    -22
 902.8 1356.8 2181.9    0.0  18.80    -22
 834.9 1307.6 2161.1    0.0  18.53    -22
 832.1 1285.8 2152.5    0.0  18.48    -22
 968.6 1354.3 2174.6    0.0  18.98    -22
 962.7 1292.7 2156.4    0.0  18.82    -22
 858.9 1260.1 2127.1    0.0  18.54    -22
 816.6 1290.3 2131.8    0.0  18.53    -22
 907.4 1361.8 2183.6    0.0  18.81    -22
 777.8 1353.4 2168.0    0.0  18.53    -22
 774.3 1343.3 2162.0    0.0  18.51    -22
 892.6 1368.7 2184.9    0.0  18.80    -22
 883.6 1311.0 2166.2    0.0  18.65    -22
 787.7 1271.6 2140.7    0.0  18.38    -22
 753.1 1343.2 2160.1    0.0  18.47    -22
 829.6 1275.9 2148.2    0.0  18.47    -22
 769.6 1392.1 2177.7    0.0  18.61    -22
 783.3 1395.5 2180.1    0.0  18.64    -22
 861.2 1315.0 2166.3    0.0  18.60    -22
 853.9 1303.2 2161.7    0.0  18.57    -22
 777.9 1399.2 2178.2    0.0  18.65    -22
 845.6 1321.6 2167.2    0.0  18.59    -22
-554.3 1361.7 2086.8    0.0  18.34    -22
 844.6 1320.0 2166.6    0.0  18.58    -22
 829.5 1296.9 2156.8    0.0  18.50    -22
 833.9 1367.3 2176.3    0.0  18.68    -22
 768.0 1395.9 2178.4    0.0  18.61    -22
-536.5 1414.4 2102.9    0.0  18.43    -22
-590.1 1293.1 2088.3    0.0  18.17    -22
-625.4 1322.7 2100.4    0.0  18.28    -22
-619.1 1314.7 2098.4    0.0  18.25    -22
-654.3 1353.0 2110.9    0.0  18.39    -22
-1024.0 1385.4 2184.6    0.0  18.89    -22
-1487.0 -215.1 2108.4    0.0  18.53    -22
-1495.6 -162.7 2125.5    0.0  18.48    -22
-1552.8 -205.1 2128.4    0.0  18.71    -22
-1543.4 -256.6 2117.0    0.0  18.74    -22
-1567.0 -230.4 2137.3    0.0  18.75    -22
-1514.2  -99.2 2143.4    0.0  18.46    -22
-1532.5  -61.5 2155.1    0.0  18.48    -22
-1462.9 -131.5 2115.2    0.0  18.37    -22
-1551.8 -188.5 2136.1    0.0  18.67    -22
-1464.7  -76.1 2123.6    0.0  18.32    -22
-1488.5  -46.3 2137.8    0.0  18.36    -22
-827.3 1095.4 2045.9    0.0  18.13    -22
-836.6 1219.2 2123.5    0.0  18.26    -22
-905.3 1155.8 2094.3    0.0  18.30    -22
-755.3 1192.3 2095.8    0.0  18.12    -22
-724.0 1243.8 2114.2    0.0  18.16    -22
-743.9 1338.1 2156.4    0.0  18.34    -22
-795.3 1262.0 2137.9    0.0  18.26    -22
-729.9 1256.1 2121.4    0.0  18.18    -22
-773.0 1303.7 2150.3    0.0  18.30    -22
-1307.3 -1587.5 2129.0    0.0  19.72    -22
-1854.0 -234.5 2169.5    0.0  19.01    -22
-742.1 -1676.1 2195.0    0.0  19.18    -22
-866.5 -1755.9 2202.0    0.0  19.43    -22
-1835.3 -428.7 2104.4    0.0  19.23    -22
 669.0 -1196.8 2034.2    0.0  18.09    -22
 742.4 -1199.9 2097.2    0.0  18.03    -22
 712.8 -1223.2 2101.1    0.0  18.03    -22
 668.7 -1196.0 2032.2    0.0  18.10    -22
 685.4 -1228.7 2096.0    0.0  18.01    -22
 659.5 -1182.0 2048.3    0.0  17.98    -22
 707.4 -1227.0 2101.5    0.0  18.02    -22
 704.8 -1229.6 2102.1    0.0  18.02    -22
 660.8 -1220.2 2080.2    0.0  17.99    -22
 735.2 -1164.3 2074.6    0.0  17.98    -22
 652.6 -1209.2 2074.2    0.0  17.96    -22
 733.6 -1160.8 2072.1    0.0  17.98    -22
 681.2 -1230.5 2095.5    0.0  18.00    -22
 668.6 -1232.1 2070.7    0.0  18.07    -22
 727.8 -1152.8 2065.8    0.0  17.96    -22
 651.1 -1186.9 2061.1    0.0  17.94    -22
 678.4 -1157.5 2052.9    0.0  17.93    -22
 709.5 -1225.7 2101.5    0.0  18.02    -22
 654.1 -1178.5 2057.3    0.0  17.94    -22
 742.9 -1182.0 2087.0    0.0  18.00    -22
 662.1 -1217.0 2047.5    0.0  18.10    -22
 713.7 -1222.7 2101.1    0.0  18.01    -22
 650.7 -1209.1 2073.4    0.0  17.96    -22
 650.8 -1191.3 2063.6    0.0  17.95    -22
 651.8 -1190.2 2063.5    0.0  17.95    -22
 692.4 -1230.4 2099.1    0.0  18.00    -22
 713.7 -1151.7 2061.2    0.0  17.95    -22
 698.2 -1228.3 2099.7    0.0  18.01    -22
 697.3 -1152.8 2056.6    0.0  17.94    -22
 744.5 -1202.8 2080.9    0.0  18.08    -22
 648.0 -1203.6 2069.5    0.0  17.96    -22
 736.4 -1177.8 2082.8    0.0  17.99    -22
 675.3 -1244.0 2071.9    0.0  18.11    -22
 693.2 -1154.8 2056.4    0.0  17.95    -22
 654.4 -1226.5 2083.9    0.0  17.98    -22
 683.5 -1232.5 2097.1    0.0  17.99    -22
 700.2 -1157.3 2060.5    0.0  17.95    -22
 736.7 -1188.3 2089.1    0.0  17.99    -22
 676.2 -1237.4 2088.7    0.0  18.03    -22
 702.6 -1227.7 2100.6    0.0  18.00    -22
 686.6 -1234.8 2099.2    0.0  17.99    -22
 701.6 -1159.1 2062.1    0.0  17.96    -22
 672.4 -1166.3 2056.4    0.0  17.95    -22
 693.5 -1159.8 2059.7    0.0  17.96    -22
 699.9 -1228.1 2100.1    0.0  17.99    -22
 728.6 -1175.7 2079.5    0.0  17.98    -22
-798.4 -1338.0 2167.0    0.0  18.30    -22
 675.1 -1447.6 2166.7    0.0  18.24    -22
 978.9 -1133.5 2078.0    0.0  18.28    -22
 812.2 -1425.3 2158.3    0.0  18.43    -22
-842.4 -1246.8 2137.6    0.0  18.26    -22
 983.3 -1166.5 2094.0    0.0  18.31    -22
-794.9 -1324.9 2162.0    0.0  18.27    -22
 964.9 -1236.1 2135.8    0.0  18.28    -22
1466.9  165.1 2110.8    0.0  18.39    -22
-692.7 -1428.5 2167.7    0.0  18.32    -22
1583.9    9.3 2175.8    0.0  18.45    -22
-862.1 -1205.5 2119.0    0.0  18.27    -22
 980.9 -1196.6 2102.2    0.0  18.35    -22
1464.1  156.1 2111.6    0.0  18.37    -22
-815.4 -1298.6 2155.6    0.0  18.27    -22
 720.0 -1434.9 2176.5    0.0  18.23    -22
-842.9 -1086.3 2043.4    0.0  18.21    -22
2010.7 -169.4 2185.8    0.0  19.98    -22
-1709.1  435.3 2087.3    0.0  21.55    -22
-1839.2  420.5 2108.9    0.0  21.84    -22
1763.5  137.2 2202.4    0.0  21.38    -22
-1683.4   16.2 2201.3    0.0  20.80    -22
-1475.5 -1587.6 2020.7    0.0  22.17    -22
1275.1 -1244.5 2059.0    0.0  21.36    -22
-1016.2 -1150.4 2085.4    0.0  20.43    -22
-2116.6  332.4 2106.3    0.0  22.51    -22
 910.4 -1111.1 2065.2    0.0  20.37    -22
